1544
133
947
789
897
1360
220
1627
1628
1611
73
1463
1045
1298
667
128
641
427
1582
531
22
126
686
367
1391
1274
656
1367
836
1564
155
681
1277
946
1318
918
576
1385
200
1055
1430
1594
905
620
537
597
949
190
230
1661
49
140
592
85
888
1020
52
296
1392
1433
1119
507
409
311
635
1323
1429
201
108
112
1053
696
1062
1357
173
853
1197
1507
1682
229
214
327
1619
145
1107
1295
539
1324
1500
1511
282
1403
1427
1443
775
895
1258
50
497
358
1528
556
1650
21
288
417
498
335
618
815
452
1519
1400
555
1541
1673
385
84
222
1664
1333
1497
58
884
1517
213
1370
47
1492
1623
1131
719
1128
1410
161
577
98
1112
651
938
259
705
715
44
491
325
393
612
972
771
1134
806
146
1212
1269
1437
1436
1467
643
773
350
1379
1048
266
1473
1164
1451
30
615
1225
441
1025
977
181
299
1540
185
922
672
192
168
971
329
1234
252
1132
1284
1146
109
1572
1580
281
238
117
1560
1314
11
226
581
568
1254
1662
372
739
575
1678
1676
1464
891
1411
338
1079
837
139
532
470
312
188
1102
477
631
876
486
163
122
285
332
821
420
434
925
17
1233
118
714
783
908
1320
1330
515
969
125
1177
1220
412
992
1294
1319
510
1200
251
1094
489
633
303
1011
1232
860
1499
334
732
1601
25
1681
1104
111
32
396
549
1123
276
339
1578
1322
261
1116
851
1641
1361
123
941
827
331
66
1035
82
663
909
105
13
255
1041
1600
295
1206
584
1169
1442
1099
1679
634
102
746
1373
734
1548
398
1227
1501
179
1147
418
854
763
965
15
1485
1075
81
270
1166
1649
186
538
1158
275
45
482
142
1346
5
866
768
940
823
1255
1607
170
616
205
492
803
1364
647
570
177
518
741
689
1539
1283
1175
903
1610
206
874
1565
217
308
961
1050
1478
1336
144
203
380
557
1608
1231
1159
939
1006
1377
1380
1366
36
402
959
1340
572
540
1027
987
1013
1566
727
517
215
699
819
499
1186
440
381
678
114
35
1165
99
842
1072
1375
1406
1640
530
1648
1395
1670
1551
717
250
143
247
840
26
78
1637
670
77
513
1000
1479
712
1626
1592
228
316
1658
488
554
649
1675
319
565
1421
628
703
648
271
1432
852
1033
1229
1096
1331
617
1344
246
1082
1563
1243
455
241
1057
1315
1211
950
503
1026
1505
1170
935
1179
1383
39
571
1470
134
1004
1557
824
154
1606
923
608
528
1350
668
1444
1545
346
172
41
1064
318
1644
451
1183
1603
707
1141
516
973
1327
1680
472
1133
955
1194
423
937
550
1028
289
97
341
545
606
849
1245
204
1192
915
924
980
607
248
990
781
725
1504
1488
138
1522
613
355
1259
444
1534
1226
195
881
1334
354
1624
1083
187
533
245
1397
1260
1390
34
1230
594
243
988
502
867
51
202
314
1332
994
1349
1599
113
64
1059
652
239
776
189
33
1262
87
1533
1040
1674
1115
424
1671
1289
1622
995
75
1590
1584
917
619
911
14
1221
376
740
1483
998
210
264
1529
1371
814
1617
636
1036
1405
302
596
582
249
1007
765
1067
873
627
945
1185
408
147
694
46
366
553
1587
1218
1272
490
948
9
307
730
1454
330
283
846
919
1317
227
1279
464
737
697
534
774
1188
685
868
1009
782
411
1645
1512
1207
687
10
390
378
529
1154
1282
944
1069
1293
167
388
1445
1114
758
1071
1388
19
265
589
1462
1016
1311
1579
234
660
1639
473
1668
38
1328
675
1647
71
1140
1585
90
1029
799
936
1634
152
460
985
595
1527
1352
524
943
674
92
1224
1604
562
541
461
1663
1490
981
843
586
28
199
1550
1189
1654
810
1335
225
957
691
1356
863
1161
761
1167
967
1348
1576
861
478
1135
501
224
373
1193
1271
629
522
1561
1275
414
1583
65
345
682
272
405
778
751
708
1312
1447
294
928
268
1136
525
1417
1310
600
756
1481
362
454
544
1625
844
175
278
811
591
1363
887
360
800
951
920
1093
757
116
912
878
1655
1014
1273
929
1201
770
399
1555
1552
240
927
1118
219
664
933
494
1303
69
86
826
1155
580
1554
237
1482
910
23
1341
1267
487
511
952
834
1222
1113
829
1152
27
622
1285
1498
559
1089
883
1117
1190
798
89
291
1110
156
858
317
413
573
1408
590
566
1286
1666
254
984
458
293
1017
817
1216
1362
1393
1021
1325
1615
1278
720
1195
733
171
56
136
1573
1090
1446
91
103
926
1070
1353
1651
1458
1030
729
1209
1160
415
968
1530
1431
1633
223
1359
1139
1556
466
583
646
279
88
1238
1288
749
892
431
218
1266
787
104
743
838
644
468
359
978
1042
437
797
1549
621
610
1265
1494
183
495
1305
1173
738
93
416
588
347
1477
659
197
698
1613
543
322
1667
880
805
822
1022
1503
1414
425
1471
1536
391
1125
176
260
1345
1111
1502
1508
406
993
1537
706
1343
257
901
162
447
1157
605
847
483
1106
48
527
1593
794
722
683
979
1156
1354
885
1665
769
1097
1307
18
55
1276
1514
645
1355
690
1105
623
816
496
780
882
603
323
1382
673
284
1621
1543
1268
1263
807
1455
536
324
449
1495
208
1452
804
1559
1242
1434
379
1044
1103
1562
389
1052
658
1657
934
1595
1449
546
1244
695
716
655
624
1237
599
463
1292
233
500
654
231
1409
1138
310
1095
602
875
351
1491
1018
1526
864
839
899
953
61
958
1620
865
1569
121
1250
1223
403
585
748
808
520
1270
269
242
578
1632
467
1389
701
8
1460
1281
642
211
626
1109
1235
216
777
1428
1475
666
1652
1461
1523
907
542
253
57
304
1168
292
754
1450
1219
1486
760
832
1412
404
1598
989
1424
1407
640
365
721
485
352
669
1402
4
560
1084
1532
1456
309
630
1629
879
342
1144
558
1214
869
661
1631
267
1339
326
445
526
1415
1369
1518
191
1570
1251
1088
1669
68
1574
1032
110
1247
287
983
1515
1448
997
127
1439
83
521
982
825
1228
1474
1656
1605
1465
1098
1531
975
481
886
1520
401
1636
459
29
31
900
1149
587
1476
151
274
1524
433
1493
1618
2
974
1381
704
1660
1074
766
791
426
130
479
120
1387
1547
430
898
54
931
932
1199
1213
653
471
67
448
1306
1143
1290
831
1171
862
762
124
410
795
792
850
512
1401
506
809
333
872
1015
996
894
1521
764
1241
684
889
63
693
772
1677
356
484
902
724
855
1489
1586
1008
1163
182
1077
841
94
353
1321
20
1061
793
579
786
650
428
966
904
779
1239
321
369
106
1191
679
752
742
421
193
1202
509
397
1246
942
344
184
315
232
129
812
438
676
436
1081
364
954
921
343
976
96
677
474
465
1372
493
1257
1302
1466
1122
1614
1153
1398
1047
790
1005
504
1078
159
1054
785
1184
1435
736
368
1480
1413
1162
662
1043
1638
469
964
476
1198
1127
328
1178
180
207
1487
569
361
1404
313
432
1440
962
1338
1208
72
1003
135
759
169
1100
960
370
1506
1468
745
593
970
1010
198
833
383
1422
1001
42
1068
1577
1426
508
1513
256
956
1553
194
1187
1176
601
744
890
1264
165
1299
625
505
1261
357
813
1484
209
1150
1073
43
665
788
1196
435
60
1256
1453
1120
1182
1612
731
1204
37
300
802
1024
1316
1516
1308
301
1056
1602
157
535
1301
1304
702
79
235
709
119
1567
735
457
178
1575
1296
1616
639
914
70
1609
419
336
548
1630
728
277
567
893
700
1672
609
462
835
1287
349
552
1568
828
1031
164
1236
212
115
386
392
262
100
1012
906
1376
523
519
340
1525
59
7
561
711
1217
753
1252
221
1457
290
1368
963
514
1046
1240
306
1365
453
1019
986
1441
916
1546
1087
377
1635
784
1039
726
442
1469
305
74
913
796
1060
236
1297
337
6
1642
870
150
153
258
637
1384
1581
1571
1558
297
991
107
1130
1205
363
1542
374
801
1643
137
1438
1423
1092
747
387
692
1066
671
1101
563
718
1509
551
76
1399
263
1038
1091
384
1172
1386
547
375
1535
896
148
101
1148
845
1181
1126
1248
1145
1351
141
1659
1538
848
320
859
1002
475
407
1051
1280
1063
24
688
1597
1396
632
604
1589
680
382
1313
1249
1108
614
1394
1034
160
1
1419
1420
12
1378
450
818
1358
856
1596
930
1085
564
53
1049
1058
3
1418
750
871
1137
1309
1459
1291
1588
755
1591
657
767
611
95
1065
1080
429
1329
131
456
1472
1086
999
1151
1023
1121
857
1342
820
286
446
1210
16
1124
723
1215
1300
158
1253
80
598
443
1416
1180
196
40
638
1142
1129
1510
1374
439
1203
713
1337
1076
1037
1174
149
132
394
244
298
830
877
371
348
174
1347
1646
62
280
574
480
166
710
1653
1326
1425
422
273
395
400
1496
